4026024035
11268590052
9057694301
9903961623
4514952209
2015355497
11444223213
10283538252
7083693009
11018112368
11281840997
11193746154
8552886544
3825194922
3301824777
5868479645
1950858933
11284903591
1926273827
2848238407
5184952020
7556928199
3825194922
4368929439
11343585907
2248732127
8928436139
9605830800
5427884955
1755399963
4103273710
1755399963
10164020923
11275606556
9968222207
10480042913
2270503403
11165776298
10312131227
2270503403
7335061274
10539646095
8470329177
5240424562
5501628836
3827482475
8240721831
1179417426
8757877791
2729619646
11212964682
